10/25/22 09:43

Problem 1 (5 points):

	exhaustive_search() failed: incorrect nearest neighbor
	Correct response: [0.954 0.242 0.777 0.558 0.865 0.506 0.936 0.425 0.71  0.222]
	Student response: [0.357 0.868 0.507 0.497 0.966 0.117 0.459 0.025 0.794 0.916]

	exhaustive_search() failed: incorrect minimum distance
	Correct response: 0.535560327635537
	Student response: 2.0034815923139764
IndexError: index 98 is out of bounds for axis 0 with size 10

Problem 2 (5 points):
Score += 5

Problem 3 (10 points):
Score += 10

Problem 4 (10 points):

	_student_nn() failed: incorrect nearest neighbor
	Correct response: [0.037 0.353 0.924 0.894 0.512 0.379 0.212 0.855 0.867 0.405]
	Student response: [0.375 0.458 0.086 0.015 0.131 0.945 0.947 0.743 0.609 0.2  ]

	_student_nn() failed: incorrect minimum distance
	Correct response: 0.6667906088725049
	Student response: 0.0295955030281545

	_student_nn() failed: incorrect nearest neighbor
	Correct response: [0.546 0.504 0.593 0.904 0.305 0.807 0.257 0.666 0.426 0.094]
	Student response: [0.683 0.824 0.243 0.99  0.482 0.044 0.969 0.27  0.303 0.974]

	_student_nn() failed: incorrect minimum distance
	Correct response: 0.7238782470164395
	Student response: 0.09681303807991881

	_student_nn() failed: incorrect minimum distance
	Correct response: 3.7191026027449086
	Student response: 0.05261400902309443

	_student_nn() failed: incorrect nearest neighbor
	Correct response: [0.589 0.19  0.911 0.778 0.191 0.869 0.455 0.47  0.945 0.871 0.473 0.216
 0.511 0.633 0.38  0.371 0.537 0.983 0.966 0.57  0.963 0.847 0.471 0.374
 0.21  0.025 0.27  0.236 0.34  0.04  0.637 0.563 0.965 0.17  0.013 0.717
 0.469 0.27  0.76  0.38  0.128 0.111 0.518 0.066 0.294 0.068 0.891 0.71
 0.586 0.733 0.271 0.135 0.194 0.635 0.137 0.37  0.305 0.893 0.395 0.965
 0.841 0.807 0.091 0.332 0.283 0.738 0.085 0.209 0.68  0.014 0.201 0.921
 0.554 0.279 0.872 0.343 0.931 0.657 0.276 0.219 0.176 0.792 0.286 0.609
 0.2   0.161 0.71  0.555 0.302 0.284 0.558 0.799 0.015 0.163 0.91  0.144
 0.64  0.69  0.559 0.644]
	Student response: [0.451 0.044 0.424 0.389 0.372 0.78  0.632 0.649 0.412 0.822 0.573 0.752
 0.934 0.474 0.34  0.819 0.488 0.178 0.637 0.87  0.547 0.932 0.077 0.567
 0.14  0.088 0.367 0.521 0.77  0.795 0.123 0.605 0.567 0.399 0.43  0.902
 0.329 0.569 0.868 0.396 0.697 0.307 0.468 0.022 0.77  0.006 0.405 0.915
 0.064 0.462 0.901 0.82  0.999 0.366 0.741 0.983 0.538 0.705 0.226 0.048
 0.863 0.301 0.977 0.828 0.393 0.986 0.752 0.198 0.417 0.792 0.214 0.081
 0.653 0.167 0.253 0.746 0.475 0.121 0.42  0.25  0.695 0.964 0.388 0.195
 0.74  0.719 0.525 0.309 0.667 0.258 0.813 0.878 0.31  0.463 0.401 0.392
 0.718 0.335 0.082 0.519]

	_student_nn() failed: incorrect minimum distance
	Correct response: 3.4949853238992366
	Student response: 0.015087771103506675

	_student_nn() failed: incorrect nearest neighbor
	Correct response: [0.164 0.071 0.776 0.721 0.879 0.31  0.361 0.44  0.503 0.095 0.386 0.27
 0.186 0.868 0.009 0.062 0.474 0.76  0.858 0.201 0.869 0.762 0.477 0.733
 0.06  0.159 0.031 0.743 0.525 0.689 0.611 0.839 0.012 0.2   0.171 0.247
 0.263 0.248 0.36  0.525 0.677 0.712 0.201 0.709 0.766 0.669 0.141 0.905
 0.582 0.957 0.636 0.149 0.625 0.195 0.084 0.705 0.304 0.946 0.384 0.422
 0.476 0.08  0.81  0.71  0.772 0.857 0.438 0.177 0.04  0.137 0.362 0.375
 0.751 0.257 0.245 0.467 0.036 0.855 0.59  0.577 0.944 0.158 0.687 0.264
 0.407 0.035 0.772 0.92  0.789 0.959 0.325 0.12  0.355 0.02  0.653 0.609
 0.013 0.105 0.332 0.086]
	Student response: [0.472 0.953 0.647 0.321 0.788 0.665 0.4   0.865 0.833 0.941 0.232 0.83
 0.739 0.462 0.547 0.118 0.554 0.844 0.38  0.038 0.348 0.517 0.579 0.334
 0.073 0.031 0.623 0.488 0.398 0.69  0.932 0.359 0.58  0.394 0.369 0.632
 0.738 0.171 0.168 0.034 0.636 0.375 0.073 0.454 0.737 0.646 0.944 0.262
 0.364 0.38  0.699 0.135 0.835 0.308 0.169 0.755 0.623 0.699 0.489 0.615
 0.757 0.278 0.311 0.242 0.463 0.359 0.241 1.    0.989 0.125 0.916 0.791
 0.605 0.035 0.422 0.854 0.528 0.102 0.523 0.957 0.379 0.57  0.963 0.325
 0.827 0.26  0.986 0.718 0.713 0.509 0.795 0.505 0.076 0.768 0.848 0.901
 0.503 0.529 0.734 0.974]

	_student_nn() failed: incorrect minimum distance
	Correct response: 3.6314799542431135
	Student response: 0.11332532949243745
Score += 1

Problem 5 (10 points):
Score += 10

Problem 6 (5 points):
TypeError: 'numpy.int64' object is not iterable

Code Quality (5 points):
Score += 5

Total score: 31/50 = 62.0%


Comments:
	Comment out your test cases before you push!

-------------------------------------------------------------------------------

